              precision    recall  f1-score   support

           3       0.44      1.00      0.62         8
           4       0.83      1.00      0.91        40
           5       0.92      0.89      0.90       511
           6       0.92      0.83      0.87       478
           7       0.77      0.97      0.86       149
           8       0.57      1.00      0.72        13

    accuracy                           0.88      1199
   macro avg       0.74      0.95      0.81      1199
weighted avg       0.89      0.88      0.88      1199
